## 相机参数
fx: 369.502083
fy: 369.502083
x0: 640.0
y0: 360.0

## 畸变参数
k1: 0.0
k2: 0.0
p1: 0.0
p2: 0.0
k3: 0.0



ellipse_det_r: 0.45
yolo_det_person_height: 1.7
yolo_det_uav_width: 0.5
