## 相机参数
fx: 640.721243
fy: 467.514318
x0: 262.626678
y0: 259.898489

## 畸变参数
k1: -0.004152
k2: -0.039053
p1: 0.007162
p2: -0.008195
k3: 0.0




ellipse_det_r: 0.2

yolo_det_person_height: 1.7

yolo_det_uav_width: 0.5
